*
Temp0 deg C	Temp1 deg C	Time (sec)
294.365483	21.209930	2.000000
300.553357	21.209930	4.000000
302.024707	21.209930	6.000000
301.877612	21.209930	8.000000
301.289143	21.209930	10.000000
300.406263	21.209930	12.000000
299.228722	21.209930	14.000000
297.903460	21.209930	16.000000
296.282982	21.209930	18.000000
294.809073	21.209930	20.000000
293.186932	21.209930	22.000000
291.711511	21.209930	24.000000
290.235348	21.209930	26.000000
288.758428	21.209930	28.000000
287.280738	21.209930	30.000000
285.802265	21.209930	32.000000
284.322994	21.209930	34.000000
282.842912	21.209930	36.000000
281.362007	21.058235	38.000000
279.880266	21.209930	40.000000
278.545995	21.058235	42.000000
277.062632	20.906540	44.000000
275.726840	20.906540	46.000000
274.390379	20.906540	48.000000
273.053152	20.906540	50.000000
271.715243	20.906540	52.000000
270.376553	20.906540	54.000000
269.037167	20.906540	56.000000
267.845954	20.906540	58.000000
266.356101	20.906540	60.000000
265.163544	20.906540	62.000000
263.970383	20.906540	64.000000
262.627367	20.906540	66.000000
261.283550	20.906540	68.000000
260.237811	20.906540	70.000000
259.191649	20.906540	72.000000
257.995430	20.906540	74.000000
256.798593	20.906540	76.000000
255.601137	20.906540	78.000000
254.403061	20.906540	80.000000
253.504097	20.906540	82.000000
252.304934	20.906540	84.000000
251.105150	20.906540	86.000000
249.904745	20.906540	88.000000
248.703720	20.906540	90.000000
247.502077	20.754805	92.000000
246.600439	20.603071	94.000000
245.397716	20.603071	96.000000
244.194380	20.603071	98.000000
242.990433	20.603071	100.000000
241.936495	20.603071	102.000000
240.882065	20.603071	104.000000
239.676454	20.603071	106.000000
238.771854	20.603071	108.000000
237.565201	20.603071	110.000000
236.508910	20.754805	112.000000
235.452145	20.906540	114.000000
234.394962	20.754805	116.000000
233.337314	20.754805	118.000000
232.430423	20.906540	120.000000
231.371996	20.906540	122.000000
230.464423	20.906540	124.000000
229.405182	20.906540	126.000000
228.496941	20.906540	128.000000
227.436957	20.906540	130.000000
226.528064	20.906540	132.000000
225.618877	21.058235	134.000000
224.557780	21.058235	136.000000
223.647969	20.906540	138.000000
222.737876	21.209930	140.000000
221.827506	21.209930	142.000000
220.916863	21.209930	144.000000
219.854118	21.209930	146.000000
219.094777	21.209930	148.000000
218.183345	21.209930	150.000000
217.271659	21.209930	152.000000
216.359725	21.209930	154.000000
215.447548	21.209930	156.000000
214.535135	21.209930	158.000000
213.622489	21.209930	160.000000
212.861788	21.209930	162.000000
211.948733	21.209930	164.000000
211.187680	21.209930	166.000000
210.426499	21.058235	168.000000
209.512884	21.209930	170.000000
208.751379	21.209930	172.000000
207.837405	21.058235	174.000000
207.075625	21.058235	176.000000
206.161315	21.058235	178.000000
205.399249	20.906540	180.000000
204.637080	21.209930	182.000000
203.722320	21.058235	184.000000
202.959903	20.906540	186.000000
202.197377	20.906540	188.000000
201.587287	20.906540	190.000000
200.672036	20.906540	192.000000
199.756655	20.906540	194.000000
199.146331	21.058235	196.000000
198.230747	21.058235	198.000000
197.620296	21.209930	200.000000
196.704531	21.058235	202.000000
195.941315	21.209930	204.000000
195.178043	21.209930	206.000000
194.567380	21.209930	208.000000
193.651321	21.209930	210.000000
193.040574	21.209930	212.000000
192.277098	21.209930	214.000000
191.513586	21.209930	216.000000
190.902748	21.209930	218.000000
189.986454	21.209930	220.000000
189.375569	21.209930	222.000000
188.764671	21.209930	224.000000
188.153761	21.209930	226.000000
187.390110	21.209930	228.000000
186.626451	21.209930	230.000000
186.015520	21.209930	232.000000
185.404590	21.209930	234.000000
184.640930	21.209930	236.000000
183.877279	21.209930	238.000000
183.266368	21.209930	240.000000
182.655469	21.209930	242.000000
182.044585	21.361585	244.000000
181.433717	21.209930	246.000000
180.822869	21.361585	248.000000
180.212044	21.209930	250.000000
179.601243	21.209930	252.000000
178.990470	21.209930	254.000000
178.379727	21.209930	256.000000
177.463676	21.361585	258.000000
176.853021	21.513240	260.000000
176.242406	21.513240	262.000000
175.631833	21.513240	264.000000
175.021305	21.513240	266.000000
174.410825	21.513240	268.000000
173.800396	21.513240	270.000000
173.190020	21.513240	272.000000
172.579700	21.513240	274.000000
171.969438	21.513240	276.000000
171.359238	21.513240	278.000000
170.749102	21.513240	280.000000
170.139033	21.513240	282.000000
169.681533	21.513240	284.000000
169.224060	21.513240	286.000000
168.614169	21.513240	288.000000
168.004354	21.664855	290.000000
167.394618	21.513240	292.000000
166.784964	21.361585	294.000000
166.327775	21.209930	296.000000
165.718281	21.209930	298.000000
165.261201	21.209930	300.000000
164.651852	21.209930	302.000000
164.042597	21.209930	304.000000
163.738005	21.209930	306.000000
163.128895	21.209930	308.000000
162.519884	21.209930	310.000000
162.063190	21.209930	312.000000
161.606561	21.209930	314.000000
160.997811	21.209930	316.000000
160.389169	21.209930	318.000000
159.932758	21.209930	320.000000
159.476417	21.209930	322.000000
158.868059	21.209930	324.000000
158.563923	21.058235	326.000000
157.955742	21.209930	328.000000
157.347683	21.058235	330.000000
157.043699	20.906540	332.000000
156.435826	20.906540	334.000000
155.828080	20.906540	336.000000
155.372351	20.906540	338.000000
154.916705	20.906540	340.000000
154.309288	20.906540	342.000000
153.853809	20.906540	344.000000
153.398417	20.906540	346.000000
152.943094	20.906540	348.000000
152.487859	20.906540	350.000000
152.032695	20.906540	352.000000
151.577622	21.058235	354.000000
151.274282	21.058235	356.000000
150.819336	21.058235	358.000000
150.364484	21.058235	360.000000
149.758139	20.906540	362.000000
149.455024	21.058235	364.000000
149.151947	21.209930	366.000000
148.545909	21.209930	368.000000
148.242949	21.209930	370.000000
147.940028	21.209930	372.000000
147.637147	21.058235	374.000000
147.182895	21.209930	376.000000
146.880114	21.209930	378.000000
146.577374	21.209930	380.000000
146.274674	21.209930	382.000000
145.972016	21.209930	384.000000
145.669398	21.209930	386.000000
145.366823	21.058235	388.000000
145.064289	21.209930	390.000000
144.761797	21.058235	392.000000
144.610572	21.058235	394.000000
144.459347	21.209930	396.000000
144.156940	20.906540	398.000000
143.854575	20.906540	400.000000
143.854575	20.906540	402.000000
143.552254	21.058235	404.000000
143.249976	21.209930	406.000000
143.249976	21.209930	408.000000
143.098858	20.906540	410.000000
142.947741	20.906540	412.000000
142.796645	20.906540	414.000000
142.645549	20.906540	416.000000
142.645549	21.209930	418.000000
142.494475	21.209930	420.000000
142.343402	21.209930	422.000000
142.343402	21.209930	424.000000
142.192350	21.209930	426.000000
142.041298	21.209930	428.000000
142.041298	21.209930	430.000000
142.041298	21.209930	432.000000
142.041298	21.209930	434.000000
142.041298	21.209930	436.000000
141.739239	21.058235	438.000000
141.739239	21.058235	440.000000
141.739239	20.906540	442.000000
141.588231	21.058235	444.000000
141.588231	20.906540	446.000000
141.437224	21.209930	448.000000
141.286239	21.058235	450.000000
141.286239	21.058235	452.000000
141.135254	21.058235	454.000000
141.135254	21.209930	456.000000
141.135254	21.058235	458.000000
140.833329	21.058235	460.000000
140.833329	21.209930	462.000000
140.833329	21.209930	464.000000
140.833329	21.209930	466.000000
140.531449	21.209930	468.000000
140.229614	20.906540	470.000000
140.229614	20.906540	472.000000
140.229614	20.906540	474.000000
139.927825	20.906540	476.000000
139.776953	21.058235	478.000000
139.626081	21.058235	480.000000
139.475232	20.906540	482.000000
139.324383	20.906540	484.000000
139.324383	20.906540	486.000000
139.022732	21.209930	488.000000
139.022732	21.209930	490.000000
138.871929	21.209930	492.000000
138.721126	21.209930	494.000000
138.570347	21.209930	496.000000
138.419568	21.209930	498.000000
138.118055	20.906540	500.000000
138.118055	20.906540	502.000000
137.967323	20.906540	504.000000
137.816590	21.058235	506.000000
137.515172	20.906540	508.000000
137.515172	20.906540	510.000000
137.213800	20.906540	512.000000
137.213800	21.058235	514.000000
136.912476	21.058235	516.000000
136.761838	21.058235	518.000000
136.611200	20.906540	520.000000
136.611200	20.906540	522.000000
136.309972	20.906540	524.000000
136.309972	20.906540	526.000000
136.008791	21.209930	528.000000
135.858224	21.058235	530.000000
135.707658	21.058235	532.000000
135.707658	21.209930	534.000000
135.406574	21.209930	536.000000
135.406574	21.209930	538.000000
135.256056	21.209930	540.000000
135.105537	21.209930	542.000000
135.105537	21.209930	544.000000
134.804550	21.209930	546.000000
134.804550	21.209930	548.000000
134.804550	21.209930	550.000000
134.654080	21.209930	552.000000
134.654080	21.209930	554.000000
134.503611	21.209930	556.000000
134.503611	21.209930	558.000000
134.503611	21.209930	560.000000
134.353166	21.209930	562.000000
134.353166	21.209930	564.000000
134.202720	21.209930	566.000000
134.202720	21.209930	568.000000
134.202720	21.209930	570.000000
134.353166	21.361585	572.000000
134.503611	21.361585	574.000000
134.503611	21.361585	576.000000
134.353166	21.209930	578.000000
134.353166	21.209930	580.000000
134.503611	21.209930	582.000000
134.503611	21.209930	584.000000
134.503611	21.209930	586.000000
134.503611	21.209930	588.000000
134.503611	21.209930	590.000000
134.503611	21.209930	592.000000
134.503611	21.209930	594.000000
134.503611	21.209930	596.000000
134.503611	21.209930	598.000000
134.503611	21.209930	600.000000
134.503611	21.209930	602.000000
134.503611	21.361585	604.000000
134.503611	21.361585	606.000000
134.503611	21.513240	608.000000
134.503611	21.513240	610.000000
134.503611	21.513240	612.000000
134.503611	21.513240	614.000000
134.503611	21.513240	616.000000
134.503611	21.209930	618.000000
134.503611	21.209930	620.000000
134.503611	21.209930	622.000000
134.503611	21.209930	624.000000
134.503611	21.209930	626.000000
134.503611	21.209930	628.000000
134.503611	21.209930	630.000000
134.202720	21.209930	632.000000
134.202720	21.209930	634.000000
134.503611	21.361585	636.000000
134.353166	21.209930	638.000000
134.503611	21.209930	640.000000
134.202720	21.209930	642.000000
134.202720	21.209930	644.000000
134.202720	21.209930	646.000000
134.202720	21.209930	648.000000
134.202720	21.209930	650.000000
134.202720	21.209930	652.000000
134.202720	21.209930	654.000000
134.202720	21.209930	656.000000
134.202720	21.209930	658.000000
134.202720	21.209930	660.000000
134.202720	21.209930	662.000000
134.202720	21.058235	664.000000
134.202720	20.906540	666.000000
134.202720	20.906540	668.000000
134.202720	21.209930	670.000000
134.202720	21.209930	672.000000
134.052300	21.209930	674.000000
134.052300	21.209930	676.000000
134.202720	21.209930	678.000000
134.202720	21.209930	680.000000
134.202720	21.209930	682.000000
134.202720	21.209930	684.000000
134.202720	21.209930	686.000000
134.202720	21.209930	688.000000
134.202720	21.209930	690.000000
134.202720	21.209930	692.000000
134.052300	21.058235	694.000000
134.052300	21.058235	696.000000
134.202720	20.906540	698.000000
134.052300	21.058235	700.000000
134.202720	20.906540	702.000000
134.202720	20.906540	704.000000
134.202720	20.906540	706.000000
134.202720	20.906540	708.000000
134.202720	20.906540	710.000000
134.202720	20.906540	712.000000
134.202720	20.906540	714.000000
134.202720	21.058235	716.000000
134.202720	21.209930	718.000000
134.202720	20.906540	720.000000
134.202720	21.058235	722.000000
134.202720	21.209930	724.000000
134.052300	20.906540	726.000000
134.202720	20.906540	728.000000
134.202720	20.906540	730.000000
134.202720	21.058235	732.000000
134.052300	21.058235	734.000000
134.202720	20.906540	736.000000
134.202720	20.906540	738.000000
134.202720	21.209930	740.000000
134.202720	21.209930	742.000000
134.052300	21.058235	744.000000
134.202720	21.209930	746.000000
133.901879	21.209930	748.000000
133.901879	21.209930	750.000000
133.901879	21.209930	752.000000
133.901879	21.209930	754.000000
133.901879	21.209930	756.000000
133.901879	21.209930	758.000000
133.901879	21.209930	760.000000
133.901879	21.209930	762.000000
133.901879	21.209930	764.000000
133.901879	21.209930	766.000000
133.901879	21.209930	768.000000
133.901879	21.058235	770.000000
133.901879	21.058235	772.000000
133.901879	21.209930	774.000000
133.901879	21.058235	776.000000
133.901879	21.209930	778.000000
133.901879	21.209930	780.000000
133.901879	21.209930	782.000000
133.901879	21.209930	784.000000
133.901879	21.209930	786.000000
133.901879	21.209930	788.000000
133.901879	21.209930	790.000000
133.901879	21.209930	792.000000
133.901879	21.209930	794.000000
133.901879	21.209930	796.000000
133.901879	21.209930	798.000000
133.901879	21.209930	800.000000
133.901879	21.209930	802.000000
133.901879	21.209930	804.000000
133.901879	21.209930	806.000000
133.901879	21.209930	808.000000
133.901879	21.209930	810.000000
133.901879	21.209930	812.000000
133.751483	21.209930	814.000000
133.901879	21.209930	816.000000
133.901879	21.209930	818.000000
133.901879	21.209930	820.000000
133.901879	21.209930	822.000000
133.901879	21.209930	824.000000
133.901879	21.209930	826.000000
133.901879	21.209930	828.000000
133.901879	21.209930	830.000000
133.751483	21.209930	832.000000
133.901879	21.209930	834.000000
133.901879	21.209930	836.000000
133.751483	21.209930	838.000000
133.601087	21.209930	840.000000
133.601087	21.209930	842.000000
133.601087	21.209930	844.000000
133.601087	21.209930	846.000000
133.601087	21.209930	848.000000
133.601087	21.209930	850.000000
133.601087	21.209930	852.000000
133.601087	21.209930	854.000000
133.601087	21.209930	856.000000
133.601087	21.209930	858.000000
133.601087	21.209930	860.000000
133.601087	21.209930	862.000000
133.601087	21.209930	864.000000
133.601087	21.209930	866.000000
133.601087	21.209930	868.000000
133.601087	21.361585	870.000000
133.601087	21.513240	872.000000
133.601087	21.513240	874.000000
133.601087	21.513240	876.000000
133.450716	21.209930	878.000000
133.300344	21.209930	880.000000
133.300344	21.209930	882.000000
133.300344	21.209930	884.000000
133.300344	21.209930	886.000000
133.300344	21.209930	888.000000
133.300344	21.209930	890.000000
133.300344	21.209930	892.000000
133.300344	21.209930	894.000000
133.300344	21.209930	896.000000
133.300344	21.209930	898.000000
133.300344	21.209930	900.000000
133.300344	21.209930	902.000000
133.300344	21.209930	904.000000
132.999650	21.209930	906.000000
132.999650	21.209930	908.000000
132.999650	21.209930	910.000000
132.999650	21.209930	912.000000
132.999650	21.209930	914.000000
132.999650	21.209930	916.000000
132.999650	21.209930	918.000000
132.999650	21.209930	920.000000
132.849328	21.209930	922.000000
132.999650	21.361585	924.000000
132.849328	21.513240	926.000000
132.699006	21.209930	928.000000
132.699006	21.209930	930.000000
132.699006	21.209930	932.000000
132.699006	21.209930	934.000000
132.699006	21.209930	936.000000
132.699006	21.209930	938.000000
132.699006	21.209930	940.000000
132.699006	21.209930	942.000000
132.699006	21.209930	944.000000
132.699006	21.209930	946.000000
132.548709	21.209930	948.000000
132.548709	21.209930	950.000000
132.398412	21.209930	952.000000
132.398412	21.209930	954.000000
132.398412	21.209930	956.000000
132.398412	21.209930	958.000000
132.398412	21.361585	960.000000
132.398412	21.209930	962.000000
132.248139	21.209930	964.000000
132.097867	21.209930	966.000000
132.248139	21.209930	968.000000
132.097867	21.209930	970.000000
132.097867	21.209930	972.000000
132.097867	21.209930	974.000000
132.097867	21.209930	976.000000
132.097867	21.209930	978.000000
131.947620	21.209930	980.000000
132.097867	21.209930	982.000000
132.097867	21.209930	984.000000
131.797372	21.209930	986.000000
131.797372	21.209930	988.000000
131.797372	21.209930	990.000000
131.797372	21.209930	992.000000
131.797372	20.906540	994.000000
131.647150	21.058235	996.000000
131.496927	20.906540	998.000000
131.496927	20.906540	1000.000000
131.496927	20.906540	1002.000000
131.496927	20.906540	1004.000000
131.496927	20.906540	1006.000000
131.496927	20.906540	1008.000000
131.496927	20.906540	1010.000000
